A
453 666 572 691
162 198 935 808
676 358 205 929
 13 168 984 198
 
B
453 162 676  13
666 198 358 168
572 935 205 984
691 808 929 198
